806,2
806,1
806,0
805,4
805,3
805,2
805,1
805,0
804,3
804,2
804,1
804,0
803,4
803,3
803,2
803,1
803,0
802,3
802,2
802,1
802,0
801,3
801,2
801,1
801,0
800,5
800,4
800,3
800,2
800,1
800,0
799,3
799,2
799,1
799,0
798,6
798,5
798,4
798,3
798,2
798,1
798,0
797,3
797,2
797,1
797,0
723,3
723,1
711,3
711,1
710,24
710,23
710,6
710,3
710,1
707,3
707,1
704,3
704,1
701,3
698,3
698,1
695,3
695,1
4,3
4,2
4,1
4,0
3,6
3,5
3,4
3,3
3,2
3,1
3,0
2,9
2,7
2,6
2,5
2,4
2,2
2,0
1,2
1,0
0,442
0,434
0,428
0,416
0,414
2,1
0,408
2,8
819,5
0,384
0,379
0,375
2,3
1,1
0,373
1,3
819,4
0,322
819,1
819,3
0,317
0,412
0,243
0,9
0,0
0,310
0,305
0,308
0,304
0,303
0,302
0,307
0,12
0,393
0,10
0,8
0,386
0,300
0,337
0,299
0,446
0,298
0,435
0,297
0,367
0,296
0,352
0,295
0,370
0,294
0,350
0,293
0,340
0,292
0,406
0,291
0,382
0,290
0,289
0,441
0,288
0,407
0,287
0,316
0,286
0,331
0,285
0,419
0,284
0,328
0,283
0,336
0,282
0,418
0,281
0,440
0,280
0,378
0,279
0,390
0,278
0,332
0,277
0,343
0,276
0,389
0,275
0,426
0,274
806,3
809,0
809,2
809,3
809,5
809,6
812,0
812,2
812,3
812,5
812,6
815,1
815,3
815,4
818,0
818,1
818,3
818,4
818,6
818,8
818,9
818,11
818,12
818,14
818,16
818,17
818,19
818,20
818,22
819,0
820,0
820,2
820,3
821,0
821,1
821,3
823,0
823,1
823,3
823,4
825,1
825,2
825,4
828,1
828,2
828,4
831,0
831,2
831,4
831,5
832,1
832,2
832,4
832,3
832,0
831,3
831,1
828,3
828,0
825,3
825,0
823,2
821,4
821,2
820,4
820,1
819,2
818,21
818,18
818,15
818,13
818,10
818,7
818,5
818,2
815,5
815,2
815,0
812,4
812,1
809,7
809,4
809,1
0,397
0,273
0,314
0,272
0,417
0,271
0,403
0,270
0,313
0,269
0,420
0,268
0,311
0,267
0,374
0,266
0,439
0,265
0,413
0,264
0,388
0,263
0,385
0,262
0,327
0,261
0,380
0,260
0,369
0,259
0,425
0,258
0,444
0,257
0,443
0,256
0,326
0,255
0,415
0,254
0,447
0,253
0,306
0,252
0,394
0,251
0,368
0,250
0,400
0,249
0,438
0,248
0,410
0,247
0,377
0,246
0,376
0,245
0,315
0,244
0,330
0,242
0,381
0,241
0,349
0,240
0,423
0,239
0,356
0,238
0,437
0,237
0,409
0,236
0,338
0,235
0,405
0,234
0,347
0,233
0,387
0,232
0,401
0,231
0,436
0,230
0,345
0,229
0,348
0,228
0,371
0,227
0,363
0,226
0,364
0,225
0,357
0,224
0,329
0,223
0,301
0,222
0,445
0,221
0,335
0,220
0,355
0,219
0,398
0,218
0,346
0,217
0,344
0,216
0,354
0,215
0,321
0,214
0,402
0,213
0,351
0,212
0,404
0,211
0,372
0,210
0,399
0,209
0,361
0,208
0,433
0,207
0,383
0,206
0,422
0,205
0,362
0,204
0,334
0,203
0,312
0,202
0,365
0,201
0,309
0,200
0,395
0,199
0,432
0,198
0,359
0,197
0,396
0,196
0,366
0,195
0,324
0,194
0,325
0,193
0,431
0,192
0,319
0,63
0,429
0,62
0,427
0,61
0,342
0,60
0,430
0,59
0,391
0,58
0,360
0,57
0,341
0,56
0,333
0,55
0,54
0,318
0,53
0,358
0,52
0,392
0,51
0,421
0,50
0,353
0,49
0,339
0,48
0,424
0,47
0,411
0,46
0,320
0,45
0,323
0,6
0,5
0,1
0,11
0,4
0,2
0,3
0,7
